Mean: 211 Adj: 211 Size: 1
211	
Mean: 120 Adj: 105,3585 Size: 2
14	226	
Mean: 89,4 Adj: 48,20255 Size: 10
15	21	21	21	46	264	232	232	11	31	
Mean: 88,57143 Adj: 77,3057 Size: 7
29	17	36	229	35	55	219	
Mean: 87,25 Adj: 57,72549 Size: 8
29	155	180	36	57	36	200	5	
Mean: 81 Adj: 78,46642 Size: 7
32	217	34	38	32	214	0	
Mean: 80,85714 Adj: 51,78926 Size: 7
2	215	32	37	22	5	253	
Mean: 80,72727 Adj: 60,65023 Size: 11
26	28	16	32	214	256	217	30	26	30	13	
Mean: 60,21053 Adj: 34,32268 Size: 19
9	18	26	27	40	17	25	37	22	30	15	36	14	8	12	174	233	228	173	
Mean: 51 Adj: 37,08533 Size: 7
32	3	24	28	37	12	221	
Mean: 44,4 Adj: 37,76624 Size: 15
232	0	39	18	14	15	0	23	11	32	10	214	2	24	32	
Mean: 24 Adj: 24 Size: 1
24	
Mean: 20,14286 Adj: 18,10724 Size: 7
12	40	32	0	32	0	25	
