Mean: 132,25 Adj: NaN Size: 0
34	218	32	245	
Mean: 95,55556 Adj: 47,26973 Size: 10
175	133	39	236	37	20	27	19	174	
Mean: 57,15385 Adj: 30,03901 Size: 13
236	11	41	30	241	19	34	26	19	31	6	39	10	
Mean: 54,33333 Adj: 35,16148 Size: 7
24	36	33	173	23	37	
Mean: 48,75 Adj: 35,49762 Size: 8
10	68	29	41	39	139	37	27	
Mean: 44,07692 Adj: 23,24783 Size: 13
239	30	19	31	17	26	0	39	22	31	41	39	39	
Mean: 30,16667 Adj: 16,25666 Size: 9
17	25	70	34	16	19	
Mean: 25 Adj: 25 Size: 1
25	
Mean: 21,66667 Adj: 18,56087 Size: 3
34	19	12	
Mean: 15 Adj: 15 Size: 1
15	
